$SPEC_ID:
No sample description was entered.
$SPEC_REM:
DET# 1
DETDESC# SCE-SOPA-01037 Easy-MCA-2k SN 13199537
AP# Maestro-PRO Version 9, 0, 2, 0
$DATE_MEA:
10/27/2025 16:54:48
$MEAS_TIM:
2027.48 2028.26
$DATA:
0 1023
       0
       0
       0
       0
       0
       0
       0
       0
       0
      48
     251
     239
     254
     236
     264
     265
     259
     260
     260
     274
     284
     269
     275
     312
     285
     308
     288
     330
     286
     297
     297
     287
     291
     307
     320
     309
     291
     312
     303
     319
     330
     267
     305
     317
     327
     334
     328
     331
     350
     349
     364
     377
     404
     413
     435
     447
     451
     472
     483
     501
     506
     522
     584
     554
     649
     596
     625
     560
     565
     540
     538
     573
     574
     551
     524
     515
     530
     510
     515
     524
     488
     513
     447
     504
     492
     477
     526
     471
     486
     487
     451
     483
     469
     486
     465
     429
     426
     470
     477
     457
     462
     442
     473
     472
     479
     438
     443
     487
     462
     446
     437
     430
     444
     440
     414
     409
     458
     425
     408
     410
     396
     406
     398
     372
     410
     385
     404
     385
     401
     385
     381
     405
     396
     403
     405
     416
     438
     397
     430
     444
     447
     462
     459
     418
     437
     466
     397
     422
     413
     374
     440
     435
     410
     410
     427
     411
     420
     388
     420
     405
     405
     403
     398
     410
     400
     392
     354
     379
     340
     400
     402
     385
     380
     379
     359
     362
     358
     354
     330
     349
     366
     369
     338
     337
     314
     374
     319
     336
     329
     366
     321
     310
     303
     315
     323
     327
     304
     329
     296
     299
     303
     251
     267
     268
     326
     280
     289
     284
     247
     267
     259
     315
     250
     269
     238
     250
     244
     236
     259
     267
     268
     240
     286
     257
     279
     256
     267
     269
     258
     244
     232
     232
     251
     235
     250
     251
     241
     276
     230
     262
     249
     297
     251
     282
     233
     232
     240
     227
     221
     240
     186
     217
     195
     199
     201
     230
     168
     184
     182
     164
     174
     144
     165
     166
     164
     158
     138
     122
     126
     140
     126
     113
     111
     111
     132
     108
     103
     112
      99
     101
     110
     105
      69
      84
     109
      89
      86
      87
      95
      90
      82
      91
      67
      87
      91
      82
      81
      77
      73
      89
      83
      77
      71
      64
      60
      90
      80
      66
      64
      58
      53
      60
      58
      72
      68
      68
      62
      76
      68
      64
      44
      51
      68
      66
      63
      56
      62
      54
      61
      44
      48
      48
      57
      54
      50
      67
      48
      66
      66
      55
      66
      57
      57
      61
      47
      66
      59
      53
      51
      68
      67
      56
      74
      52
      62
      83
      66
      82
      62
      70
      87
      71
      77
     106
     101
     100
     117
     103
     138
     147
     132
     143
     207
     176
     207
     237
     267
     312
     290
     329
     337
     343
     349
     417
     419
     471
     506
     529
     497
     562
     560
     606
     623
     663
     679
     642
     674
     683
     689
     668
     667
     692
     702
     671
     639
     679
     608
     575
     623
     583
     521
     486
     479
     482
     433
     419
     358
     369
     317
     329
     274
     281
     223
     217
     178
     208
     163
     156
     146
     129
     127
     125
      98
      81
      86
      77
      92
      72
      61
      63
      59
      50
      59
      45
      60
      41
      45
      46
      37
      35
      46
      33
      41
      28
      37
      34
      44
      32
      37
      35
      36
      35
      36
      35
      35
      35
      22
      36
      38
      32
      26
      31
      32
      44
      46
      32
      30
      44
      34
      41
      27
      32
      39
      44
      26
      34
      29
      34
      20
      41
      42
      33
      29
      30
      38
      37
      33
      28
      37
      34
      33
      17
      37
      37
      41
      36
      24
      25
      20
      28
      37
      27
      29
      31
      28
      31
      36
      31
      30
      31
      27
      33
      38
      30
      34
      46
      35
      29
      29
      41
      32
      26
      28
      36
      29
      40
      35
      22
      28
      31
      36
      18
      37
      27
      39
      32
      30
      31
      37
      32
      30
      39
      29
      23
      24
      39
      23
      27
      22
      31
      29
      28
      30
      24
      21
      21
      31
      27
      29
      32
      23
      33
      40
      29
      33
      33
      35
      35
      36
      39
      33
      33
      33
      23
      36
      32
      39
      32
      26
      19
      25
      31
      31
      36
      27
      29
      28
      26
      30
      34
      36
      33
      36
      25
      31
      27
      35
      31
      33
      26
      37
      41
      32
      21
      27
      38
      28
      44
      35
      27
      30
      37
      27
      34
      28
      33
      31
      30
      28
      25
      35
      34
      42
      25
      25
      36
      37
      30
      28
      34
      34
      33
      32
      32
      33
      36
      46
      31
      30
      32
      34
      22
      29
      30
      29
      32
      21
      34
      32
      28
      32
      33
      27
      38
      33
      30
      35
      28
      35
      36
      20
      36
      37
      31
      38
      34
      33
      27
      36
      32
      38
      31
      46
      34
      37
      32
      31
      36
      33
      39
      44
      26
      32
      35
      47
      47
      33
      36
      32
      42
      32
      38
      37
      34
      38
      31
      24
      23
      37
      31
      48
      32
      36
      41
      37
      47
      29
      36
      34
      32
      38
      50
      35
      40
      37
      43
      41
      32
      54
      41
      49
      50
      38
      40
      33
      38
      35
      41
      45
      41
      36
      38
      39
      37
      51
      35
      34
      39
      44
      37
      32
      47
      39
      45
      42
      48
      48
      40
      39
      44
      41
      53
      43
      41
      36
      35
      49
      41
      53
      40
      65
      33
      45
      28
      43
      43
      36
      24
      48
      45
      34
      33
      35
      32
      23
      23
      38
      27
      33
      27
      21
      30
      35
      19
      33
      14
      15
      30
      16
      24
      18
      16
      19
      23
      19
      22
      22
      25
      18
      16
      18
      10
      15
      20
      15
      15
      14
      17
      17
      10
      16
      14
      11
      16
      10
      16
      14
      13
      13
      14
      11
      12
      15
      11
      16
      12
      12
      16
       9
       5
      18
       9
       6
       8
       8
      15
      10
       9
       8
       6
      11
      10
       9
      12
      10
       7
      11
      13
      11
      12
       6
      11
       4
      13
      10
      11
       6
       3
       9
       8
       7
      14
      14
      10
       9
       5
      12
       7
      10
       8
      15
       6
       5
      10
       3
      10
       3
       7
      12
       5
       6
       6
       9
       5
      11
       4
       8
       9
       2
       5
       7
       5
      11
       6
      12
       7
       8
      10
      10
      11
      12
       9
      12
       9
      16
       9
      12
      19
      15
      24
      25
      17
      17
       9
      18
      16
      18
      21
      24
      20
      28
      30
      17
      18
      37
      22
      35
      30
      38
      46
      32
      44
      51
      47
      37
      41
      52
      51
      38
      50
      46
      53
      49
      43
      47
      58
      51
      46
      52
      56
      47
      49
      73
      48
      55
      49
      44
      53
      51
      51
      57
      39
      54
      51
      45
       0
       0
       0
       0
       0
       0
       0
       0
       0
       0
       0
       0
       0
       0
       0
       0
       0
       0
       0
       0
       0
       0
       0
       0
       0
       0
       0
       0
       0
       0
       0
       0
       0
       0
       0
       0
       0
       0
       0
       0
       0
       0
       0
       0
       0
       0
       0
       0
       0
$ROI:
1
142 175
$PRESETS:
None
0
0
$ENER_FIT:
11.291600 5.154770
$MCA_CAL:
3
1.129160E+001 5.154770E+000 4.071850E-004 keV
$SHAPE_CAL:
3
-1.648760E+001 1.131010E-001 0.000000E+000
